-1.147082899944537360e+01 5.942918937458476769e+00 -1.000000000000000000e+00
6.903166587062887771e-01 -7.387032431706410662e+00 1.000000000000000000e+00
-1.195443404322556447e+01 4.998672246863659296e+00 -1.000000000000000000e+00
1.288317784493490237e+01 5.299392537241391921e+00 1.000000000000000000e+00
-1.509460300446436420e+00 1.639633261139401554e-01 -1.000000000000000000e+00
-3.010085700468962067e+00 4.536926447096440995e+00 -1.000000000000000000e+00
2.800187782725664931e-01 1.980253728316509143e+00 -1.000000000000000000e+00
-4.271633866971901838e+00 -1.227646491746835800e+01 1.000000000000000000e+00
-1.279720724546393740e+01 7.254819896791966372e+00 -1.000000000000000000e+00
5.845887581684802825e+00 1.271709060055059126e+00 1.000000000000000000e+00
6.895715875213131341e+00 -1.860720673031890371e-01 1.000000000000000000e+00
-6.769367847727057352e+00 3.046645138733159897e+00 -1.000000000000000000e+00
8.150923609940910808e+00 9.585057240318640481e+00 1.000000000000000000e+00
-3.488133047964252498e+00 9.908522422773113902e-02 1.000000000000000000e+00
-6.177709904622295412e+00 2.026134878746386647e+00 -1.000000000000000000e+00
9.108958454166000251e+00 -1.269821519001702192e+01 1.000000000000000000e+00
-2.290520322899410210e+00 1.659326893311041218e+00 -1.000000000000000000e+00
8.393069688187068778e+00 -4.572084788118608856e+00 1.000000000000000000e+00
-3.701037485605615629e+00 -1.713045958083340992e+01 1.000000000000000000e+00
-2.365209759417563617e-01 3.504621037212842793e-01 -1.000000000000000000e+00
6.861754945245136739e+00 -7.498501106519981363e-01 1.000000000000000000e+00
1.843051438015495336e+01 1.388008480156771363e+00 1.000000000000000000e+00
-4.677175079557560622e-02 -4.272433902475455625e+00 1.000000000000000000e+00
-2.388780560006491527e-01 3.394265261099761233e+00 -1.000000000000000000e+00
6.995726220995199363e+00 -1.770397525431057772e-01 1.000000000000000000e+00
-8.418092508602800450e+00 6.614245363149207968e+00 -1.000000000000000000e+00
-1.796581517947305695e+00 4.622925198146354830e+00 -1.000000000000000000e+00
-1.466774862234558441e+01 5.590922530634771626e+00 -1.000000000000000000e+00
-2.780761842821523722e+00 6.117418684983085164e+00 -1.000000000000000000e+00
4.902819732684532639e+00 -1.005909221611107895e+01 1.000000000000000000e+00
1.250803917939021126e+00 2.311018772655330178e+00 -1.000000000000000000e+00
-1.469186822381566948e+00 5.026867571080654074e+00 -1.000000000000000000e+00
5.507510082164355225e-01 4.316570158002059010e+00 -1.000000000000000000e+00
-8.466930815523863174e+00 5.568180352445422088e+00 -1.000000000000000000e+00
-2.602321955339752968e+00 5.202424746332066974e+00 -1.000000000000000000e+00
1.938768340349333208e+00 -1.015423277827845894e+01 1.000000000000000000e+00
-8.947659292890364213e-01 -9.240082130941145167e+00 1.000000000000000000e+00
-3.494923030992882040e+00 4.677014552206240516e+00 -1.000000000000000000e+00
9.237081219270342203e-01 3.481734511241139529e+00 -1.000000000000000000e+00
-1.645323688418928754e+01 1.167800073914088621e+01 -1.000000000000000000e+00
-8.004075312417171517e+00 2.656309723729496586e+00 -1.000000000000000000e+00
-2.546362215609274227e+00 7.521751516838278917e+00 -1.000000000000000000e+00
2.131002608477178484e+00 5.581271416262224783e+00 -1.000000000000000000e+00
2.745867388436709078e-01 -2.013490637446129838e+01 1.000000000000000000e+00
-3.838823328333836660e+00 3.735922738483841599e+00 -1.000000000000000000e+00
5.515070648812494092e+00 -9.613419339472521585e+00 1.000000000000000000e+00
4.451465922790706742e+00 -1.428018028791474947e+01 1.000000000000000000e+00
4.067610016564067621e+00 -1.368554577793064020e+01 1.000000000000000000e+00
-1.124016856270036868e+01 6.183478741911007326e+00 -1.000000000000000000e+00
1.176930928494241968e+00 9.220116059021501442e+00 -1.000000000000000000e+00
3.823409657211486845e+00 -3.243909419119062498e+00 1.000000000000000000e+00
9.539154583700620194e+00 1.550819572209884534e+00 1.000000000000000000e+00
-1.056963038825195511e+01 8.661418160744293715e+00 -1.000000000000000000e+00
4.684544755088530188e+00 3.349673489631459944e+00 1.000000000000000000e+00
-6.646962459198157092e+00 4.977776330710744546e+00 -1.000000000000000000e+00
-2.429810239345192358e+00 1.066222274798377612e+00 -1.000000000000000000e+00
8.387899516765029873e+00 -1.162316070067232410e+01 1.000000000000000000e+00
5.943500574829468697e+00 -7.057742493480720469e+00 1.000000000000000000e+00
-8.452871788469767722e+00 5.599687534179267345e+00 -1.000000000000000000e+00
7.382222420885799608e+00 -1.008147277501904959e+01 1.000000000000000000e+00
1.535847041949093850e+01 2.778583779317232327e+00 1.000000000000000000e+00
1.332138616964520672e+01 -5.460005047764591168e+00 1.000000000000000000e+00
4.887080805088691804e+00 4.109581288594927884e+00 1.000000000000000000e+00
-2.800849554310462786e+00 6.026783932449612635e+00 -1.000000000000000000e+00
3.163220014283160797e+00 -1.276044655157426888e+01 1.000000000000000000e+00
-5.408431920903733037e+00 6.701591188941556254e+00 -1.000000000000000000e+00
1.107632884126271477e+00 4.507166313352277243e+00 -1.000000000000000000e+00
5.397006558166994594e-01 -2.702491260495966330e+00 1.000000000000000000e+00
6.775125510179440091e+00 -8.579580416867717219e+00 1.000000000000000000e+00
2.865955107125070178e+00 -9.503695297050999358e+00 1.000000000000000000e+00
9.931949583158864669e+00 -1.608136863571782982e-01 1.000000000000000000e+00
-1.222608113748424330e+01 1.046923146964565632e+01 -1.000000000000000000e+00
-1.047498076918447651e+00 1.180463667285927443e+00 1.000000000000000000e+00
8.531966122388388030e-01 -5.103637894448386447e+00 1.000000000000000000e+00
7.330625830116672681e+00 4.304799715291622419e+00 1.000000000000000000e+00
-8.995061414760934682e+00 4.334911694739855825e+00 -1.000000000000000000e+00
5.800933486447528153e+00 4.369433477046706926e+00 1.000000000000000000e+00
-6.424339824879419680e+00 4.688730236085190128e+00 -1.000000000000000000e+00
7.105525609522660879e+00 -1.280458292226841710e+00 1.000000000000000000e+00
-8.722802240681470920e-01 -5.221285680994185441e+00 1.000000000000000000e+00
2.656180694532451980e+00 3.842455622744359811e+00 -1.000000000000000000e+00
5.703534313861824856e+00 -6.739677619710633394e+00 1.000000000000000000e+00
-9.665680254167483554e-01 -5.673201705713795562e+00 1.000000000000000000e+00
-8.528171173594943255e+00 4.920306277127944661e+00 -1.000000000000000000e+00
6.560203504499628302e+00 7.311967917930131122e-01 1.000000000000000000e+00
-5.247637081444363361e+00 9.363228631462764184e+00 -1.000000000000000000e+00
-3.433622468227673252e+00 4.667341696953458907e+00 -1.000000000000000000e+00
-2.599122742235996597e+00 -6.955241437765979917e+00 1.000000000000000000e+00
7.235832881221107904e+00 -1.186888530251416718e+01 1.000000000000000000e+00
-6.473748900971228792e+00 6.646407824939353226e+00 -1.000000000000000000e+00
-7.530386861601240156e+00 7.447754437870397481e-01 -1.000000000000000000e+00
3.011860955176013377e-01 2.938598785068553987e+00 -1.000000000000000000e+00
-1.165410839494429140e+00 4.870521882728101382e+00 -1.000000000000000000e+00
-1.703870288443502190e+00 -8.893334205621167499e+00 1.000000000000000000e+00
-2.638371976894692494e+00 -5.719479289968141700e+00 1.000000000000000000e+00
-1.151063663044267571e+01 4.903899834876764174e+00 -1.000000000000000000e+00
-1.959036397551013220e+00 1.090160267643188341e+01 -1.000000000000000000e+00
9.501366233325018840e+00 7.719816977183180384e+00 1.000000000000000000e+00
-2.163317638629689732e+00 4.082412526662079877e+00 -1.000000000000000000e+00
-1.543068180929920707e+01 9.275483707372110587e+00 -1.000000000000000000e+00
-4.108973111223696684e+00 7.589618567139718053e+00 -1.000000000000000000e+00
-1.055945999926204770e+01 6.207969580919009189e+00 -1.000000000000000000e+00
-1.027689788781291114e+01 7.496971986697462675e+00 -1.000000000000000000e+00
1.629735881316490165e+00 -1.911108241436721755e+00 1.000000000000000000e+00
-2.337224353325506598e-01 -1.078750487722874141e+01 1.000000000000000000e+00
8.051359416041968586e+00 -1.003917295631344153e+01 1.000000000000000000e+00
-1.095524440915586339e+01 6.674568093762234255e+00 -1.000000000000000000e+00
5.838450594664458926e+00 -5.481224886080404701e+00 1.000000000000000000e+00
4.474463343965327411e+00 7.890638034349459318e+00 1.000000000000000000e+00
-7.474622140795386116e+00 5.420795173911748144e+00 -1.000000000000000000e+00
-7.150618505617744702e+00 4.493390001934775668e+00 -1.000000000000000000e+00
-6.820017340531469685e+00 4.844943315648817972e+00 -1.000000000000000000e+00
-1.112168726405782770e+01 7.168886080344401890e+00 -1.000000000000000000e+00
-3.418879178380551664e-01 2.818868600064088792e+00 -1.000000000000000000e+00
2.619777972008154876e-01 -4.547099780925545787e+00 1.000000000000000000e+00
-1.181832259641591598e+01 2.933297975185819695e+00 -1.000000000000000000e+00
1.246888379901880128e+01 -5.102360193701661828e+00 1.000000000000000000e+00
3.461009910129184242e+00 -1.110075801140833462e+01 1.000000000000000000e+00
5.862043090000749856e+00 -4.725546350155946485e+00 1.000000000000000000e+00
7.838560230938648843e+00 -2.679384120006949921e+00 1.000000000000000000e+00
-2.056744171293540369e+00 3.448011617970952347e+00 -1.000000000000000000e+00
1.098020470239295499e+01 -6.343712093165111199e+00 1.000000000000000000e+00
-1.299261632000568945e+01 4.747262027975281740e+00 -1.000000000000000000e+00
-6.435919826842066094e+00 1.654983665346076993e+00 -1.000000000000000000e+00
9.701149881760500193e+00 -6.077540333990813615e+00 1.000000000000000000e+00
-4.426483553633607571e+00 -2.046272363304340303e+01 1.000000000000000000e+00
-2.481723759725169565e+00 2.198383535315866943e+00 -1.000000000000000000e+00
-4.427432341752771450e+00 4.253135606713550843e+00 -1.000000000000000000e+00
6.551793964103076462e+00 3.712843378755296797e+00 1.000000000000000000e+00
-3.577617749178109818e+00 -1.596588221944414343e+01 1.000000000000000000e+00
-3.671194620778102546e+00 2.465730013295944101e+00 -1.000000000000000000e+00
2.340598707919497201e+00 -9.530821366243539927e+00 1.000000000000000000e+00
1.471886954133173298e+01 2.869756087948338141e+00 1.000000000000000000e+00
-3.320088715549021074e+00 -2.143461843427577307e+01 1.000000000000000000e+00
-9.983652142987249789e+00 6.385347870924095837e+00 -1.000000000000000000e+00
1.115989939128139241e+01 -7.306679221764945886e+00 1.000000000000000000e+00
9.232034556623261778e+00 -6.574304723964293551e+00 1.000000000000000000e+00
-5.899812320395891874e-01 5.063558641468047128e+00 -1.000000000000000000e+00
2.272570937064834151e+00 -1.432256476612458940e+01 1.000000000000000000e+00
1.300914542447310751e+00 6.860883436932560642e+00 1.000000000000000000e+00
-6.038874855727783597e+00 1.860249637062735051e+00 -1.000000000000000000e+00
7.007738789681465796e+00 4.553909514573595274e-01 1.000000000000000000e+00
-9.656673558652004274e+00 9.756233947499504566e+00 -1.000000000000000000e+00
1.919939191635966935e+00 4.706143480013240676e+00 -1.000000000000000000e+00
6.841720919093146058e+00 -4.401962504738214932e+00 1.000000000000000000e+00
1.701197478652411554e+00 -9.034217020484001992e+00 1.000000000000000000e+00
1.180492424080226144e-01 -1.326271118187445808e+00 -1.000000000000000000e+00
1.373972148254116021e+01 -9.653836299964648759e-01 1.000000000000000000e+00
1.343267304744403212e+01 -2.766477011979768807e+00 1.000000000000000000e+00
1.849676573032278171e+00 5.044274567344546156e+00 -1.000000000000000000e+00
9.229940503078957192e+00 -4.018824741107831500e+00 1.000000000000000000e+00
-1.667116587716484410e+00 3.515947179951341539e+00 -1.000000000000000000e+00
-4.454347563151413780e+00 6.237257302595663688e+00 -1.000000000000000000e+00
-5.172476012839657855e+00 5.450469761723321760e+00 -1.000000000000000000e+00
3.702924269643740995e+00 2.145759870081107579e+00 1.000000000000000000e+00
9.922072999823949857e-02 -9.986404641282520700e+00 1.000000000000000000e+00
3.720169128071783238e+00 -1.588565528596129184e+01 1.000000000000000000e+00
4.834896930286531003e+00 1.161152421047271233e+00 -1.000000000000000000e+00
-8.596643527149856467e-01 -3.242948683191508863e-01 -1.000000000000000000e+00
2.847217008265475080e+00 -6.589265045012873578e+00 1.000000000000000000e+00
-7.013179066799951400e+00 3.865754831797330482e+00 -1.000000000000000000e+00
7.820307527040686324e-01 4.323868466999904570e+00 -1.000000000000000000e+00
-8.133792704842427668e+00 5.740456487516626183e+00 -1.000000000000000000e+00
3.704605163470555684e+00 2.027354737039880561e+00 1.000000000000000000e+00
-1.356578497980986064e+00 2.957937873740612567e+00 -1.000000000000000000e+00
-6.928941753934788395e+00 -2.169011547369109394e+01 1.000000000000000000e+00
9.684965393460078786e-01 -1.815494420180558421e+01 1.000000000000000000e+00
1.714239511076412015e+01 3.473855728082863692e+00 1.000000000000000000e+00
-9.275734010502592497e+00 1.278970176964586614e+01 -1.000000000000000000e+00
-1.346083762402023432e+00 -4.802203167095902003e-01 1.000000000000000000e+00
5.567676281412019534e-01 -2.900275979541631521e+00 -1.000000000000000000e+00
-2.922023545865701788e+00 5.880077998746067180e+00 -1.000000000000000000e+00
7.154939221961640783e+00 -5.664493500896542244e+00 1.000000000000000000e+00
-6.056352201999187557e+00 3.754730194134643817e+00 -1.000000000000000000e+00
9.563586750625901800e+00 6.026262857007370854e+00 1.000000000000000000e+00
4.943920788213840289e+00 7.755931039182952347e+00 1.000000000000000000e+00
6.321987897569610659e+00 -1.211323233915177866e+01 1.000000000000000000e+00
-5.908309549768805624e+00 6.781960985766769312e+00 -1.000000000000000000e+00
-1.088196870285003470e+01 1.010262450682569302e+01 -1.000000000000000000e+00
-1.117945362851148872e+01 1.441662429866531703e+00 -1.000000000000000000e+00
