-1.147082899944537360e+01 5.942918937458476769e+00 -1.000000000000000000e+00
-1.195443404322556447e+01 4.998672246863659296e+00 -1.000000000000000000e+00
-1.509460300446436420e+00 1.639633261139401554e-01 -1.000000000000000000e+00
-3.010085700468962067e+00 4.536926447096440995e+00 -1.000000000000000000e+00
2.800187782725664931e-01 1.980253728316509143e+00 -1.000000000000000000e+00
-1.279720724546393740e+01 7.254819896791966372e+00 -1.000000000000000000e+00
-6.769367847727057352e+00 3.046645138733159897e+00 -1.000000000000000000e+00
-6.177709904622295412e+00 2.026134878746386647e+00 -1.000000000000000000e+00
-2.290520322899410210e+00 1.659326893311041218e+00 -1.000000000000000000e+00
-2.365209759417563617e-01 3.504621037212842793e-01 -1.000000000000000000e+00
-2.388780560006491527e-01 3.394265261099761233e+00 -1.000000000000000000e+00
-8.418092508602800450e+00 6.614245363149207968e+00 -1.000000000000000000e+00
-1.796581517947305695e+00 4.622925198146354830e+00 -1.000000000000000000e+00
-1.466774862234558441e+01 5.590922530634771626e+00 -1.000000000000000000e+00
-2.780761842821523722e+00 6.117418684983085164e+00 -1.000000000000000000e+00
1.250803917939021126e+00 2.311018772655330178e+00 -1.000000000000000000e+00
-1.469186822381566948e+00 5.026867571080654074e+00 -1.000000000000000000e+00
5.507510082164355225e-01 4.316570158002059010e+00 -1.000000000000000000e+00
-8.466930815523863174e+00 5.568180352445422088e+00 -1.000000000000000000e+00
-2.602321955339752968e+00 5.202424746332066974e+00 -1.000000000000000000e+00
-3.494923030992882040e+00 4.677014552206240516e+00 -1.000000000000000000e+00
9.237081219270342203e-01 3.481734511241139529e+00 -1.000000000000000000e+00
-1.645323688418928754e+01 1.167800073914088621e+01 -1.000000000000000000e+00
-8.004075312417171517e+00 2.656309723729496586e+00 -1.000000000000000000e+00
-2.546362215609274227e+00 7.521751516838278917e+00 -1.000000000000000000e+00
2.131002608477178484e+00 5.581271416262224783e+00 -1.000000000000000000e+00
-3.838823328333836660e+00 3.735922738483841599e+00 -1.000000000000000000e+00
-1.124016856270036868e+01 6.183478741911007326e+00 -1.000000000000000000e+00
1.176930928494241968e+00 9.220116059021501442e+00 -1.000000000000000000e+00
-1.056963038825195511e+01 8.661418160744293715e+00 -1.000000000000000000e+00
-6.646962459198157092e+00 4.977776330710744546e+00 -1.000000000000000000e+00
-2.429810239345192358e+00 1.066222274798377612e+00 -1.000000000000000000e+00
-8.452871788469767722e+00 5.599687534179267345e+00 -1.000000000000000000e+00
-2.800849554310462786e+00 6.026783932449612635e+00 -1.000000000000000000e+00
-5.408431920903733037e+00 6.701591188941556254e+00 -1.000000000000000000e+00
1.107632884126271477e+00 4.507166313352277243e+00 -1.000000000000000000e+00
-1.222608113748424330e+01 1.046923146964565632e+01 -1.000000000000000000e+00
-8.995061414760934682e+00 4.334911694739855825e+00 -1.000000000000000000e+00
-6.424339824879419680e+00 4.688730236085190128e+00 -1.000000000000000000e+00
2.656180694532451980e+00 3.842455622744359811e+00 -1.000000000000000000e+00
-8.528171173594943255e+00 4.920306277127944661e+00 -1.000000000000000000e+00
-5.247637081444363361e+00 9.363228631462764184e+00 -1.000000000000000000e+00
-3.433622468227673252e+00 4.667341696953458907e+00 -1.000000000000000000e+00
-6.473748900971228792e+00 6.646407824939353226e+00 -1.000000000000000000e+00
-7.530386861601240156e+00 7.447754437870397481e-01 -1.000000000000000000e+00
3.011860955176013377e-01 2.938598785068553987e+00 -1.000000000000000000e+00
-1.165410839494429140e+00 4.870521882728101382e+00 -1.000000000000000000e+00
-1.151063663044267571e+01 4.903899834876764174e+00 -1.000000000000000000e+00
-1.959036397551013220e+00 1.090160267643188341e+01 -1.000000000000000000e+00
-2.163317638629689732e+00 4.082412526662079877e+00 -1.000000000000000000e+00
-1.543068180929920707e+01 9.275483707372110587e+00 -1.000000000000000000e+00
-4.108973111223696684e+00 7.589618567139718053e+00 -1.000000000000000000e+00
-1.055945999926204770e+01 6.207969580919009189e+00 -1.000000000000000000e+00
-1.027689788781291114e+01 7.496971986697462675e+00 -1.000000000000000000e+00
-1.095524440915586339e+01 6.674568093762234255e+00 -1.000000000000000000e+00
-7.474622140795386116e+00 5.420795173911748144e+00 -1.000000000000000000e+00
-7.150618505617744702e+00 4.493390001934775668e+00 -1.000000000000000000e+00
-6.820017340531469685e+00 4.844943315648817972e+00 -1.000000000000000000e+00
-1.112168726405782770e+01 7.168886080344401890e+00 -1.000000000000000000e+00
-3.418879178380551664e-01 2.818868600064088792e+00 -1.000000000000000000e+00
-1.181832259641591598e+01 2.933297975185819695e+00 -1.000000000000000000e+00
-2.056744171293540369e+00 3.448011617970952347e+00 -1.000000000000000000e+00
-1.299261632000568945e+01 4.747262027975281740e+00 -1.000000000000000000e+00
-6.435919826842066094e+00 1.654983665346076993e+00 -1.000000000000000000e+00
-2.481723759725169565e+00 2.198383535315866943e+00 -1.000000000000000000e+00
-4.427432341752771450e+00 4.253135606713550843e+00 -1.000000000000000000e+00
-3.671194620778102546e+00 2.465730013295944101e+00 -1.000000000000000000e+00
-9.983652142987249789e+00 6.385347870924095837e+00 -1.000000000000000000e+00
-5.899812320395891874e-01 5.063558641468047128e+00 -1.000000000000000000e+00
-6.038874855727783597e+00 1.860249637062735051e+00 -1.000000000000000000e+00
-9.656673558652004274e+00 9.756233947499504566e+00 -1.000000000000000000e+00
1.919939191635966935e+00 4.706143480013240676e+00 -1.000000000000000000e+00
1.180492424080226144e-01 -1.326271118187445808e+00 -1.000000000000000000e+00
1.849676573032278171e+00 5.044274567344546156e+00 -1.000000000000000000e+00
-1.667116587716484410e+00 3.515947179951341539e+00 -1.000000000000000000e+00
-4.454347563151413780e+00 6.237257302595663688e+00 -1.000000000000000000e+00
-5.172476012839657855e+00 5.450469761723321760e+00 -1.000000000000000000e+00
4.834896930286531003e+00 1.161152421047271233e+00 -1.000000000000000000e+00
-8.596643527149856467e-01 -3.242948683191508863e-01 -1.000000000000000000e+00
-7.013179066799951400e+00 3.865754831797330482e+00 -1.000000000000000000e+00
7.820307527040686324e-01 4.323868466999904570e+00 -1.000000000000000000e+00
-8.133792704842427668e+00 5.740456487516626183e+00 -1.000000000000000000e+00
-1.356578497980986064e+00 2.957937873740612567e+00 -1.000000000000000000e+00
-9.275734010502592497e+00 1.278970176964586614e+01 -1.000000000000000000e+00
5.567676281412019534e-01 -2.900275979541631521e+00 -1.000000000000000000e+00
-2.922023545865701788e+00 5.880077998746067180e+00 -1.000000000000000000e+00
-6.056352201999187557e+00 3.754730194134643817e+00 -1.000000000000000000e+00
-5.908309549768805624e+00 6.781960985766769312e+00 -1.000000000000000000e+00
-1.088196870285003470e+01 1.010262450682569302e+01 -1.000000000000000000e+00
-1.117945362851148872e+01 1.441662429866531703e+00 -1.000000000000000000e+00
