6.903166587062887771e-01 -7.387032431706410662e+00 1.000000000000000000e+00
1.288317784493490237e+01 5.299392537241391921e+00 1.000000000000000000e+00
-4.271633866971901838e+00 -1.227646491746835800e+01 1.000000000000000000e+00
5.845887581684802825e+00 1.271709060055059126e+00 1.000000000000000000e+00
6.895715875213131341e+00 -1.860720673031890371e-01 1.000000000000000000e+00
8.150923609940910808e+00 9.585057240318640481e+00 1.000000000000000000e+00
-3.488133047964252498e+00 9.908522422773113902e-02 1.000000000000000000e+00
9.108958454166000251e+00 -1.269821519001702192e+01 1.000000000000000000e+00
8.393069688187068778e+00 -4.572084788118608856e+00 1.000000000000000000e+00
-3.701037485605615629e+00 -1.713045958083340992e+01 1.000000000000000000e+00
6.861754945245136739e+00 -7.498501106519981363e-01 1.000000000000000000e+00
1.843051438015495336e+01 1.388008480156771363e+00 1.000000000000000000e+00
-4.677175079557560622e-02 -4.272433902475455625e+00 1.000000000000000000e+00
6.995726220995199363e+00 -1.770397525431057772e-01 1.000000000000000000e+00
4.902819732684532639e+00 -1.005909221611107895e+01 1.000000000000000000e+00
1.938768340349333208e+00 -1.015423277827845894e+01 1.000000000000000000e+00
-8.947659292890364213e-01 -9.240082130941145167e+00 1.000000000000000000e+00
2.745867388436709078e-01 -2.013490637446129838e+01 1.000000000000000000e+00
5.515070648812494092e+00 -9.613419339472521585e+00 1.000000000000000000e+00
4.451465922790706742e+00 -1.428018028791474947e+01 1.000000000000000000e+00
4.067610016564067621e+00 -1.368554577793064020e+01 1.000000000000000000e+00
3.823409657211486845e+00 -3.243909419119062498e+00 1.000000000000000000e+00
9.539154583700620194e+00 1.550819572209884534e+00 1.000000000000000000e+00
4.684544755088530188e+00 3.349673489631459944e+00 1.000000000000000000e+00
8.387899516765029873e+00 -1.162316070067232410e+01 1.000000000000000000e+00
5.943500574829468697e+00 -7.057742493480720469e+00 1.000000000000000000e+00
7.382222420885799608e+00 -1.008147277501904959e+01 1.000000000000000000e+00
1.535847041949093850e+01 2.778583779317232327e+00 1.000000000000000000e+00
1.332138616964520672e+01 -5.460005047764591168e+00 1.000000000000000000e+00
4.887080805088691804e+00 4.109581288594927884e+00 1.000000000000000000e+00
3.163220014283160797e+00 -1.276044655157426888e+01 1.000000000000000000e+00
5.397006558166994594e-01 -2.702491260495966330e+00 1.000000000000000000e+00
6.775125510179440091e+00 -8.579580416867717219e+00 1.000000000000000000e+00
2.865955107125070178e+00 -9.503695297050999358e+00 1.000000000000000000e+00
9.931949583158864669e+00 -1.608136863571782982e-01 1.000000000000000000e+00
-1.047498076918447651e+00 1.180463667285927443e+00 1.000000000000000000e+00
8.531966122388388030e-01 -5.103637894448386447e+00 1.000000000000000000e+00
7.330625830116672681e+00 4.304799715291622419e+00 1.000000000000000000e+00
5.800933486447528153e+00 4.369433477046706926e+00 1.000000000000000000e+00
7.105525609522660879e+00 -1.280458292226841710e+00 1.000000000000000000e+00
-8.722802240681470920e-01 -5.221285680994185441e+00 1.000000000000000000e+00
5.703534313861824856e+00 -6.739677619710633394e+00 1.000000000000000000e+00
-9.665680254167483554e-01 -5.673201705713795562e+00 1.000000000000000000e+00
6.560203504499628302e+00 7.311967917930131122e-01 1.000000000000000000e+00
-2.599122742235996597e+00 -6.955241437765979917e+00 1.000000000000000000e+00
7.235832881221107904e+00 -1.186888530251416718e+01 1.000000000000000000e+00
-1.703870288443502190e+00 -8.893334205621167499e+00 1.000000000000000000e+00
-2.638371976894692494e+00 -5.719479289968141700e+00 1.000000000000000000e+00
9.501366233325018840e+00 7.719816977183180384e+00 1.000000000000000000e+00
1.629735881316490165e+00 -1.911108241436721755e+00 1.000000000000000000e+00
-2.337224353325506598e-01 -1.078750487722874141e+01 1.000000000000000000e+00
8.051359416041968586e+00 -1.003917295631344153e+01 1.000000000000000000e+00
5.838450594664458926e+00 -5.481224886080404701e+00 1.000000000000000000e+00
4.474463343965327411e+00 7.890638034349459318e+00 1.000000000000000000e+00
2.619777972008154876e-01 -4.547099780925545787e+00 1.000000000000000000e+00
1.246888379901880128e+01 -5.102360193701661828e+00 1.000000000000000000e+00
3.461009910129184242e+00 -1.110075801140833462e+01 1.000000000000000000e+00
5.862043090000749856e+00 -4.725546350155946485e+00 1.000000000000000000e+00
7.838560230938648843e+00 -2.679384120006949921e+00 1.000000000000000000e+00
1.098020470239295499e+01 -6.343712093165111199e+00 1.000000000000000000e+00
9.701149881760500193e+00 -6.077540333990813615e+00 1.000000000000000000e+00
-4.426483553633607571e+00 -2.046272363304340303e+01 1.000000000000000000e+00
6.551793964103076462e+00 3.712843378755296797e+00 1.000000000000000000e+00
-3.577617749178109818e+00 -1.596588221944414343e+01 1.000000000000000000e+00
2.340598707919497201e+00 -9.530821366243539927e+00 1.000000000000000000e+00
1.471886954133173298e+01 2.869756087948338141e+00 1.000000000000000000e+00
-3.320088715549021074e+00 -2.143461843427577307e+01 1.000000000000000000e+00
1.115989939128139241e+01 -7.306679221764945886e+00 1.000000000000000000e+00
9.232034556623261778e+00 -6.574304723964293551e+00 1.000000000000000000e+00
2.272570937064834151e+00 -1.432256476612458940e+01 1.000000000000000000e+00
1.300914542447310751e+00 6.860883436932560642e+00 1.000000000000000000e+00
7.007738789681465796e+00 4.553909514573595274e-01 1.000000000000000000e+00
6.841720919093146058e+00 -4.401962504738214932e+00 1.000000000000000000e+00
1.701197478652411554e+00 -9.034217020484001992e+00 1.000000000000000000e+00
1.373972148254116021e+01 -9.653836299964648759e-01 1.000000000000000000e+00
1.343267304744403212e+01 -2.766477011979768807e+00 1.000000000000000000e+00
9.229940503078957192e+00 -4.018824741107831500e+00 1.000000000000000000e+00
3.702924269643740995e+00 2.145759870081107579e+00 1.000000000000000000e+00
9.922072999823949857e-02 -9.986404641282520700e+00 1.000000000000000000e+00
3.720169128071783238e+00 -1.588565528596129184e+01 1.000000000000000000e+00
2.847217008265475080e+00 -6.589265045012873578e+00 1.000000000000000000e+00
3.704605163470555684e+00 2.027354737039880561e+00 1.000000000000000000e+00
-6.928941753934788395e+00 -2.169011547369109394e+01 1.000000000000000000e+00
9.684965393460078786e-01 -1.815494420180558421e+01 1.000000000000000000e+00
1.714239511076412015e+01 3.473855728082863692e+00 1.000000000000000000e+00
-1.346083762402023432e+00 -4.802203167095902003e-01 1.000000000000000000e+00
7.154939221961640783e+00 -5.664493500896542244e+00 1.000000000000000000e+00
9.563586750625901800e+00 6.026262857007370854e+00 1.000000000000000000e+00
4.943920788213840289e+00 7.755931039182952347e+00 1.000000000000000000e+00
6.321987897569610659e+00 -1.211323233915177866e+01 1.000000000000000000e+00
